system	model	pair	best_cycle	mean_cb_distance_a	max_cb_distance_a	std_cb_distance_a	all_four_within_6a	cif_path
p3_c4spec_mpnn_06	seed-1_sample-0	94-213	A-D-C-B	3.36587655544281	3.4605395793914795	0.07036446870076114	1	experiments/e11_mpnn_c4spec_screen/out_s5/p3_c4spec_mpnn_06/seed-1_sample-0/p3_c4spec_mpnn_06_seed-1_sample-0_model.cif
p3_c4spec_mpnn_06	seed-1_sample-0	96-190	A-D-C-B	4.394752383232117	4.441398620605469	0.04222812162538297	1	experiments/e11_mpnn_c4spec_screen/out_s5/p3_c4spec_mpnn_06/seed-1_sample-0/p3_c4spec_mpnn_06_seed-1_sample-0_model.cif
p3_c4spec_mpnn_06	seed-1_sample-0	155-196	A-D-C-B	5.2040897607803345	5.306136131286621	0.08728050824924914	1	experiments/e11_mpnn_c4spec_screen/out_s5/p3_c4spec_mpnn_06/seed-1_sample-0/p3_c4spec_mpnn_06_seed-1_sample-0_model.cif
p3_c4spec_mpnn_06	seed-1_sample-1	94-213	A-D-C-B	3.5987945199012756	3.670205593109131	0.06898269505936457	1	experiments/e11_mpnn_c4spec_screen/out_s5/p3_c4spec_mpnn_06/seed-1_sample-1/p3_c4spec_mpnn_06_seed-1_sample-1_model.cif
p3_c4spec_mpnn_06	seed-1_sample-1	96-190	A-D-C-B	4.699114680290222	4.7661848068237305	0.04466835683056614	1	experiments/e11_mpnn_c4spec_screen/out_s5/p3_c4spec_mpnn_06/seed-1_sample-1/p3_c4spec_mpnn_06_seed-1_sample-1_model.cif
p3_c4spec_mpnn_06	seed-1_sample-1	155-196	A-D-C-B	4.315511107444763	4.414098262786865	0.08671589774680558	1	experiments/e11_mpnn_c4spec_screen/out_s5/p3_c4spec_mpnn_06/seed-1_sample-1/p3_c4spec_mpnn_06_seed-1_sample-1_model.cif
p3_c4spec_mpnn_06	seed-1_sample-2	94-213	A-D-C-B	3.3506199717521667	3.388061761856079	0.030130337195445805	1	experiments/e11_mpnn_c4spec_screen/out_s5/p3_c4spec_mpnn_06/seed-1_sample-2/p3_c4spec_mpnn_06_seed-1_sample-2_model.cif
p3_c4spec_mpnn_06	seed-1_sample-2	96-190	A-D-C-B	4.751646041870117	4.7796149253845215	0.02847832421413379	1	experiments/e11_mpnn_c4spec_screen/out_s5/p3_c4spec_mpnn_06/seed-1_sample-2/p3_c4spec_mpnn_06_seed-1_sample-2_model.cif
p3_c4spec_mpnn_06	seed-1_sample-2	155-196	A-D-C-B	4.545015573501587	4.589014053344727	0.059248406235141764	1	experiments/e11_mpnn_c4spec_screen/out_s5/p3_c4spec_mpnn_06/seed-1_sample-2/p3_c4spec_mpnn_06_seed-1_sample-2_model.cif
p3_c4spec_mpnn_06	seed-1_sample-3	94-213	A-D-C-B	3.2578728199005127	3.293220043182373	0.025714724907927082	1	experiments/e11_mpnn_c4spec_screen/out_s5/p3_c4spec_mpnn_06/seed-1_sample-3/p3_c4spec_mpnn_06_seed-1_sample-3_model.cif
p3_c4spec_mpnn_06	seed-1_sample-3	96-190	A-D-C-B	4.670860052108765	4.692697525024414	0.014549118761498099	1	experiments/e11_mpnn_c4spec_screen/out_s5/p3_c4spec_mpnn_06/seed-1_sample-3/p3_c4spec_mpnn_06_seed-1_sample-3_model.cif
p3_c4spec_mpnn_06	seed-1_sample-3	155-196	A-D-C-B	4.528997182846069	4.654079914093018	0.07705963780666958	1	experiments/e11_mpnn_c4spec_screen/out_s5/p3_c4spec_mpnn_06/seed-1_sample-3/p3_c4spec_mpnn_06_seed-1_sample-3_model.cif
p3_c4spec_mpnn_06	seed-1_sample-4	94-213	A-D-C-B	3.6065837740898132	3.6372029781341553	0.018598420919461022	1	experiments/e11_mpnn_c4spec_screen/out_s5/p3_c4spec_mpnn_06/seed-1_sample-4/p3_c4spec_mpnn_06_seed-1_sample-4_model.cif
p3_c4spec_mpnn_06	seed-1_sample-4	96-190	A-D-C-B	4.238793969154358	4.259167194366455	0.013218158113239134	1	experiments/e11_mpnn_c4spec_screen/out_s5/p3_c4spec_mpnn_06/seed-1_sample-4/p3_c4spec_mpnn_06_seed-1_sample-4_model.cif
p3_c4spec_mpnn_06	seed-1_sample-4	155-196	A-D-C-B	4.805213570594788	4.811662197113037	0.006234535671951074	1	experiments/e11_mpnn_c4spec_screen/out_s5/p3_c4spec_mpnn_06/seed-1_sample-4/p3_c4spec_mpnn_06_seed-1_sample-4_model.cif
p3_c4spec_mpnn_06	seed-2_sample-0	94-213	A-D-C-B	3.6715712547302246	3.6987428665161133	0.027091966315122746	1	experiments/e11_mpnn_c4spec_screen/out_s5/p3_c4spec_mpnn_06/seed-2_sample-0/p3_c4spec_mpnn_06_seed-2_sample-0_model.cif
p3_c4spec_mpnn_06	seed-2_sample-0	96-190	A-D-C-B	4.737754464149475	4.774892330169678	0.02277142405781339	1	experiments/e11_mpnn_c4spec_screen/out_s5/p3_c4spec_mpnn_06/seed-2_sample-0/p3_c4spec_mpnn_06_seed-2_sample-0_model.cif
p3_c4spec_mpnn_06	seed-2_sample-0	155-196	A-D-C-B	3.9138296842575073	3.966599702835083	0.04413140820043677	1	experiments/e11_mpnn_c4spec_screen/out_s5/p3_c4spec_mpnn_06/seed-2_sample-0/p3_c4spec_mpnn_06_seed-2_sample-0_model.cif
p3_c4spec_mpnn_06	seed-2_sample-1	94-213	A-D-C-B	3.56326824426651	3.6029322147369385	0.0370347065538768	1	experiments/e11_mpnn_c4spec_screen/out_s5/p3_c4spec_mpnn_06/seed-2_sample-1/p3_c4spec_mpnn_06_seed-2_sample-1_model.cif
p3_c4spec_mpnn_06	seed-2_sample-1	96-190	A-D-C-B	4.610543608665466	4.657561779022217	0.04099057290625714	1	experiments/e11_mpnn_c4spec_screen/out_s5/p3_c4spec_mpnn_06/seed-2_sample-1/p3_c4spec_mpnn_06_seed-2_sample-1_model.cif
p3_c4spec_mpnn_06	seed-2_sample-1	155-196	A-D-C-B	4.024275779724121	4.106223106384277	0.05164286761284571	1	experiments/e11_mpnn_c4spec_screen/out_s5/p3_c4spec_mpnn_06/seed-2_sample-1/p3_c4spec_mpnn_06_seed-2_sample-1_model.cif
p3_c4spec_mpnn_06	seed-2_sample-2	94-213	A-D-C-B	3.592320740222931	3.6193721294403076	0.026196763955837015	1	experiments/e11_mpnn_c4spec_screen/out_s5/p3_c4spec_mpnn_06/seed-2_sample-2/p3_c4spec_mpnn_06_seed-2_sample-2_model.cif
p3_c4spec_mpnn_06	seed-2_sample-2	96-190	A-D-C-B	4.194629549980164	4.207778453826904	0.01359957715775128	1	experiments/e11_mpnn_c4spec_screen/out_s5/p3_c4spec_mpnn_06/seed-2_sample-2/p3_c4spec_mpnn_06_seed-2_sample-2_model.cif
p3_c4spec_mpnn_06	seed-2_sample-2	155-196	A-D-C-B	4.86543333530426	4.962297439575195	0.07488746335958472	1	experiments/e11_mpnn_c4spec_screen/out_s5/p3_c4spec_mpnn_06/seed-2_sample-2/p3_c4spec_mpnn_06_seed-2_sample-2_model.cif
p3_c4spec_mpnn_06	seed-2_sample-3	94-213	A-D-C-B	3.416858434677124	3.461026430130005	0.03156619878188054	1	experiments/e11_mpnn_c4spec_screen/out_s5/p3_c4spec_mpnn_06/seed-2_sample-3/p3_c4spec_mpnn_06_seed-2_sample-3_model.cif
p3_c4spec_mpnn_06	seed-2_sample-3	96-190	A-D-C-B	4.422325491905212	4.459524154663086	0.041188615068444394	1	experiments/e11_mpnn_c4spec_screen/out_s5/p3_c4spec_mpnn_06/seed-2_sample-3/p3_c4spec_mpnn_06_seed-2_sample-3_model.cif
p3_c4spec_mpnn_06	seed-2_sample-3	155-196	A-D-C-B	3.9946805238723755	4.0666303634643555	0.05869623687500343	1	experiments/e11_mpnn_c4spec_screen/out_s5/p3_c4spec_mpnn_06/seed-2_sample-3/p3_c4spec_mpnn_06_seed-2_sample-3_model.cif
p3_c4spec_mpnn_06	seed-2_sample-4	94-213	A-D-C-B	3.459446668624878	3.4926350116729736	0.04568665445845051	1	experiments/e11_mpnn_c4spec_screen/out_s5/p3_c4spec_mpnn_06/seed-2_sample-4/p3_c4spec_mpnn_06_seed-2_sample-4_model.cif
p3_c4spec_mpnn_06	seed-2_sample-4	96-190	A-D-C-B	4.281424403190613	4.366653919219971	0.07102331696718642	1	experiments/e11_mpnn_c4spec_screen/out_s5/p3_c4spec_mpnn_06/seed-2_sample-4/p3_c4spec_mpnn_06_seed-2_sample-4_model.cif
p3_c4spec_mpnn_06	seed-2_sample-4	155-196	A-D-C-B	4.3223637342453	4.3658342361450195	0.04222927161548862	1	experiments/e11_mpnn_c4spec_screen/out_s5/p3_c4spec_mpnn_06/seed-2_sample-4/p3_c4spec_mpnn_06_seed-2_sample-4_model.cif
p3_c4spec_mpnn_06	seed-3_sample-0	94-213	A-D-C-B	3.609082877635956	3.6795284748077393	0.040864325460952894	1	experiments/e11_mpnn_c4spec_screen/out_s5/p3_c4spec_mpnn_06/seed-3_sample-0/p3_c4spec_mpnn_06_seed-3_sample-0_model.cif
p3_c4spec_mpnn_06	seed-3_sample-0	96-190	A-D-C-B	4.814129590988159	4.854888439178467	0.026196501024280946	1	experiments/e11_mpnn_c4spec_screen/out_s5/p3_c4spec_mpnn_06/seed-3_sample-0/p3_c4spec_mpnn_06_seed-3_sample-0_model.cif
p3_c4spec_mpnn_06	seed-3_sample-0	155-196	A-D-C-B	4.8714975118637085	4.9509663581848145	0.05462585669439786	1	experiments/e11_mpnn_c4spec_screen/out_s5/p3_c4spec_mpnn_06/seed-3_sample-0/p3_c4spec_mpnn_06_seed-3_sample-0_model.cif
p3_c4spec_mpnn_06	seed-3_sample-1	94-213	A-D-C-B	3.623098075389862	3.706430435180664	0.05307465647765397	1	experiments/e11_mpnn_c4spec_screen/out_s5/p3_c4spec_mpnn_06/seed-3_sample-1/p3_c4spec_mpnn_06_seed-3_sample-1_model.cif
p3_c4spec_mpnn_06	seed-3_sample-1	96-190	A-D-C-B	4.5171138048172	4.567895412445068	0.030471509800311165	1	experiments/e11_mpnn_c4spec_screen/out_s5/p3_c4spec_mpnn_06/seed-3_sample-1/p3_c4spec_mpnn_06_seed-3_sample-1_model.cif
p3_c4spec_mpnn_06	seed-3_sample-1	155-196	A-D-C-B	4.923106789588928	4.967356204986572	0.04250057351949254	1	experiments/e11_mpnn_c4spec_screen/out_s5/p3_c4spec_mpnn_06/seed-3_sample-1/p3_c4spec_mpnn_06_seed-3_sample-1_model.cif
p3_c4spec_mpnn_06	seed-3_sample-2	94-213	A-D-C-B	3.7729169726371765	3.848721742630005	0.053578298966325946	1	experiments/e11_mpnn_c4spec_screen/out_s5/p3_c4spec_mpnn_06/seed-3_sample-2/p3_c4spec_mpnn_06_seed-3_sample-2_model.cif
p3_c4spec_mpnn_06	seed-3_sample-2	96-190	A-D-C-B	5.043769121170044	5.106503009796143	0.05268903572363644	1	experiments/e11_mpnn_c4spec_screen/out_s5/p3_c4spec_mpnn_06/seed-3_sample-2/p3_c4spec_mpnn_06_seed-3_sample-2_model.cif
p3_c4spec_mpnn_06	seed-3_sample-2	155-196	A-D-C-B	4.583203554153442	4.796451568603516	0.15970650549062176	1	experiments/e11_mpnn_c4spec_screen/out_s5/p3_c4spec_mpnn_06/seed-3_sample-2/p3_c4spec_mpnn_06_seed-3_sample-2_model.cif
p3_c4spec_mpnn_06	seed-3_sample-3	94-213	A-D-C-B	3.7849608063697815	3.8663058280944824	0.05510398042391321	1	experiments/e11_mpnn_c4spec_screen/out_s5/p3_c4spec_mpnn_06/seed-3_sample-3/p3_c4spec_mpnn_06_seed-3_sample-3_model.cif
p3_c4spec_mpnn_06	seed-3_sample-3	96-190	A-D-C-B	4.275111436843872	4.359088897705078	0.05018297582238611	1	experiments/e11_mpnn_c4spec_screen/out_s5/p3_c4spec_mpnn_06/seed-3_sample-3/p3_c4spec_mpnn_06_seed-3_sample-3_model.cif
p3_c4spec_mpnn_06	seed-3_sample-3	155-196	A-D-C-B	5.200379729270935	5.251587390899658	0.03085730457963823	1	experiments/e11_mpnn_c4spec_screen/out_s5/p3_c4spec_mpnn_06/seed-3_sample-3/p3_c4spec_mpnn_06_seed-3_sample-3_model.cif
p3_c4spec_mpnn_06	seed-3_sample-4	94-213	A-D-C-B	3.7059606313705444	3.7725536823272705	0.05118607846743488	1	experiments/e11_mpnn_c4spec_screen/out_s5/p3_c4spec_mpnn_06/seed-3_sample-4/p3_c4spec_mpnn_06_seed-3_sample-4_model.cif
p3_c4spec_mpnn_06	seed-3_sample-4	96-190	A-D-C-B	4.8694106340408325	4.903764247894287	0.027477932363277818	1	experiments/e11_mpnn_c4spec_screen/out_s5/p3_c4spec_mpnn_06/seed-3_sample-4/p3_c4spec_mpnn_06_seed-3_sample-4_model.cif
p3_c4spec_mpnn_06	seed-3_sample-4	155-196	A-D-C-B	4.699138760566711	4.728945255279541	0.025757952360241122	1	experiments/e11_mpnn_c4spec_screen/out_s5/p3_c4spec_mpnn_06/seed-3_sample-4/p3_c4spec_mpnn_06_seed-3_sample-4_model.cif
p3_c4spec_mpnn_06_reseed	seed-4_sample-0	94-213	A-D-C-B	3.5139203667640686	3.5639560222625732	0.035918887121509126	1	experiments/e22_c4spec06_reseed/out_s0/p3_c4spec_mpnn_06_reseed/seed-4_sample-0/p3_c4spec_mpnn_06_reseed_seed-4_sample-0_model.cif
p3_c4spec_mpnn_06_reseed	seed-4_sample-0	96-190	A-D-C-B	4.190193057060242	4.231482982635498	0.025602627437417803	1	experiments/e22_c4spec06_reseed/out_s0/p3_c4spec_mpnn_06_reseed/seed-4_sample-0/p3_c4spec_mpnn_06_reseed_seed-4_sample-0_model.cif
p3_c4spec_mpnn_06_reseed	seed-4_sample-0	155-196	A-D-C-B	4.491684198379517	4.66661262512207	0.1866893766220283	1	experiments/e22_c4spec06_reseed/out_s0/p3_c4spec_mpnn_06_reseed/seed-4_sample-0/p3_c4spec_mpnn_06_reseed_seed-4_sample-0_model.cif
p3_c4spec_mpnn_06_reseed	seed-4_sample-1	94-213	A-D-C-B	3.702005982398987	3.792687177658081	0.05294304069620962	1	experiments/e22_c4spec06_reseed/out_s0/p3_c4spec_mpnn_06_reseed/seed-4_sample-1/p3_c4spec_mpnn_06_reseed_seed-4_sample-1_model.cif
p3_c4spec_mpnn_06_reseed	seed-4_sample-1	96-190	A-D-C-B	4.80759072303772	4.836973190307617	0.030580137092425817	1	experiments/e22_c4spec06_reseed/out_s0/p3_c4spec_mpnn_06_reseed/seed-4_sample-1/p3_c4spec_mpnn_06_reseed_seed-4_sample-1_model.cif
p3_c4spec_mpnn_06_reseed	seed-4_sample-1	155-196	A-D-C-B	4.829895496368408	4.832337379455566	0.002247435129176911	1	experiments/e22_c4spec06_reseed/out_s0/p3_c4spec_mpnn_06_reseed/seed-4_sample-1/p3_c4spec_mpnn_06_reseed_seed-4_sample-1_model.cif
p3_c4spec_mpnn_06_reseed	seed-4_sample-2	94-213	A-D-C-B	3.707150459289551	3.736480236053467	0.02231829467895261	1	experiments/e22_c4spec06_reseed/out_s0/p3_c4spec_mpnn_06_reseed/seed-4_sample-2/p3_c4spec_mpnn_06_reseed_seed-4_sample-2_model.cif
p3_c4spec_mpnn_06_reseed	seed-4_sample-2	96-190	A-D-C-B	4.722098231315613	4.772174835205078	0.05698187980307507	1	experiments/e22_c4spec06_reseed/out_s0/p3_c4spec_mpnn_06_reseed/seed-4_sample-2/p3_c4spec_mpnn_06_reseed_seed-4_sample-2_model.cif
p3_c4spec_mpnn_06_reseed	seed-4_sample-2	155-196	A-D-C-B	5.103106379508972	5.2285637855529785	0.07729853303370979	1	experiments/e22_c4spec06_reseed/out_s0/p3_c4spec_mpnn_06_reseed/seed-4_sample-2/p3_c4spec_mpnn_06_reseed_seed-4_sample-2_model.cif
p3_c4spec_mpnn_06_reseed	seed-4_sample-3	94-213	A-D-C-B	3.5959715247154236	3.729666233062744	0.08540078326310781	1	experiments/e22_c4spec06_reseed/out_s0/p3_c4spec_mpnn_06_reseed/seed-4_sample-3/p3_c4spec_mpnn_06_reseed_seed-4_sample-3_model.cif
p3_c4spec_mpnn_06_reseed	seed-4_sample-3	96-190	A-D-C-B	4.4708839654922485	4.541816234588623	0.07411312532167279	1	experiments/e22_c4spec06_reseed/out_s0/p3_c4spec_mpnn_06_reseed/seed-4_sample-3/p3_c4spec_mpnn_06_reseed_seed-4_sample-3_model.cif
p3_c4spec_mpnn_06_reseed	seed-4_sample-3	155-196	A-D-C-B	4.508582592010498	4.632284164428711	0.08460954802419342	1	experiments/e22_c4spec06_reseed/out_s0/p3_c4spec_mpnn_06_reseed/seed-4_sample-3/p3_c4spec_mpnn_06_reseed_seed-4_sample-3_model.cif
p3_c4spec_mpnn_06_reseed	seed-4_sample-4	94-213	A-D-C-B	3.7155600786209106	3.8409852981567383	0.08753315581887021	1	experiments/e22_c4spec06_reseed/out_s0/p3_c4spec_mpnn_06_reseed/seed-4_sample-4/p3_c4spec_mpnn_06_reseed_seed-4_sample-4_model.cif
p3_c4spec_mpnn_06_reseed	seed-4_sample-4	96-190	A-D-C-B	4.347511053085327	4.391873836517334	0.04426722964232225	1	experiments/e22_c4spec06_reseed/out_s0/p3_c4spec_mpnn_06_reseed/seed-4_sample-4/p3_c4spec_mpnn_06_reseed_seed-4_sample-4_model.cif
p3_c4spec_mpnn_06_reseed	seed-4_sample-4	155-196	A-D-C-B	4.524337291717529	4.647433757781982	0.11705625183278152	1	experiments/e22_c4spec06_reseed/out_s0/p3_c4spec_mpnn_06_reseed/seed-4_sample-4/p3_c4spec_mpnn_06_reseed_seed-4_sample-4_model.cif
p3_c4spec_mpnn_06_reseed	seed-5_sample-0	94-213	A-D-C-B	3.959871530532837	4.0179033279418945	0.04619313449563843	1	experiments/e22_c4spec06_reseed/out_s0/p3_c4spec_mpnn_06_reseed/seed-5_sample-0/p3_c4spec_mpnn_06_reseed_seed-5_sample-0_model.cif
p3_c4spec_mpnn_06_reseed	seed-5_sample-0	96-190	A-D-C-B	4.749622106552124	4.832772254943848	0.06699986821460419	1	experiments/e22_c4spec06_reseed/out_s0/p3_c4spec_mpnn_06_reseed/seed-5_sample-0/p3_c4spec_mpnn_06_reseed_seed-5_sample-0_model.cif
p3_c4spec_mpnn_06_reseed	seed-5_sample-0	155-196	A-D-C-B	3.944738507270813	3.987182378768921	0.031156697080515803	1	experiments/e22_c4spec06_reseed/out_s0/p3_c4spec_mpnn_06_reseed/seed-5_sample-0/p3_c4spec_mpnn_06_reseed_seed-5_sample-0_model.cif
p3_c4spec_mpnn_06_reseed	seed-5_sample-1	94-213	A-D-C-B	3.4613389372825623	3.507483959197998	0.03133143332126071	1	experiments/e22_c4spec06_reseed/out_s0/p3_c4spec_mpnn_06_reseed/seed-5_sample-1/p3_c4spec_mpnn_06_reseed_seed-5_sample-1_model.cif
p3_c4spec_mpnn_06_reseed	seed-5_sample-1	96-190	A-D-C-B	4.748287081718445	4.7787861824035645	0.02627104690454352	1	experiments/e22_c4spec06_reseed/out_s0/p3_c4spec_mpnn_06_reseed/seed-5_sample-1/p3_c4spec_mpnn_06_reseed_seed-5_sample-1_model.cif
p3_c4spec_mpnn_06_reseed	seed-5_sample-1	155-196	A-D-C-B	4.9313859939575195	4.986989974975586	0.05007266370855738	1	experiments/e22_c4spec06_reseed/out_s0/p3_c4spec_mpnn_06_reseed/seed-5_sample-1/p3_c4spec_mpnn_06_reseed_seed-5_sample-1_model.cif
p3_c4spec_mpnn_06_reseed	seed-5_sample-2	94-213	A-D-C-B	3.51602703332901	3.531968355178833	0.01303784511461188	1	experiments/e22_c4spec06_reseed/out_s0/p3_c4spec_mpnn_06_reseed/seed-5_sample-2/p3_c4spec_mpnn_06_reseed_seed-5_sample-2_model.cif
p3_c4spec_mpnn_06_reseed	seed-5_sample-2	96-190	A-D-C-B	4.102268218994141	4.122304439544678	0.016707154795202402	1	experiments/e22_c4spec06_reseed/out_s0/p3_c4spec_mpnn_06_reseed/seed-5_sample-2/p3_c4spec_mpnn_06_reseed_seed-5_sample-2_model.cif
p3_c4spec_mpnn_06_reseed	seed-5_sample-2	155-196	A-D-C-B	4.9664846658706665	5.026640892028809	0.04463805689285965	1	experiments/e22_c4spec06_reseed/out_s0/p3_c4spec_mpnn_06_reseed/seed-5_sample-2/p3_c4spec_mpnn_06_reseed_seed-5_sample-2_model.cif
p3_c4spec_mpnn_06_reseed	seed-5_sample-3	94-213	A-D-C-B	3.487012267112732	3.5226564407348633	0.04077337541247987	1	experiments/e22_c4spec06_reseed/out_s0/p3_c4spec_mpnn_06_reseed/seed-5_sample-3/p3_c4spec_mpnn_06_reseed_seed-5_sample-3_model.cif
p3_c4spec_mpnn_06_reseed	seed-5_sample-3	96-190	A-D-C-B	4.536663889884949	4.582702159881592	0.029597707675478237	1	experiments/e22_c4spec06_reseed/out_s0/p3_c4spec_mpnn_06_reseed/seed-5_sample-3/p3_c4spec_mpnn_06_reseed_seed-5_sample-3_model.cif
p3_c4spec_mpnn_06_reseed	seed-5_sample-3	155-196	A-D-C-B	4.791956543922424	4.897427558898926	0.09510816210861847	1	experiments/e22_c4spec06_reseed/out_s0/p3_c4spec_mpnn_06_reseed/seed-5_sample-3/p3_c4spec_mpnn_06_reseed_seed-5_sample-3_model.cif
p3_c4spec_mpnn_06_reseed	seed-5_sample-4	94-213	A-D-C-B	3.73020076751709	3.749279022216797	0.015441587558940607	1	experiments/e22_c4spec06_reseed/out_s0/p3_c4spec_mpnn_06_reseed/seed-5_sample-4/p3_c4spec_mpnn_06_reseed_seed-5_sample-4_model.cif
p3_c4spec_mpnn_06_reseed	seed-5_sample-4	96-190	A-D-C-B	4.959081649780273	4.996706485748291	0.022473222610143513	1	experiments/e22_c4spec06_reseed/out_s0/p3_c4spec_mpnn_06_reseed/seed-5_sample-4/p3_c4spec_mpnn_06_reseed_seed-5_sample-4_model.cif
p3_c4spec_mpnn_06_reseed	seed-5_sample-4	155-196	A-D-C-B	5.142619848251343	5.223021507263184	0.061574665368462005	1	experiments/e22_c4spec06_reseed/out_s0/p3_c4spec_mpnn_06_reseed/seed-5_sample-4/p3_c4spec_mpnn_06_reseed_seed-5_sample-4_model.cif
p3_c4spec_mpnn_06_reseed	seed-6_sample-0	94-213	A-D-C-B	3.5942025184631348	3.6645889282226562	0.04934230646409593	1	experiments/e22_c4spec06_reseed/out_s0/p3_c4spec_mpnn_06_reseed/seed-6_sample-0/p3_c4spec_mpnn_06_reseed_seed-6_sample-0_model.cif
p3_c4spec_mpnn_06_reseed	seed-6_sample-0	96-190	A-D-C-B	4.702024698257446	4.760993957519531	0.03919802729210528	1	experiments/e22_c4spec06_reseed/out_s0/p3_c4spec_mpnn_06_reseed/seed-6_sample-0/p3_c4spec_mpnn_06_reseed_seed-6_sample-0_model.cif
p3_c4spec_mpnn_06_reseed	seed-6_sample-0	155-196	A-D-C-B	4.553182363510132	4.592072486877441	0.05836410183272951	1	experiments/e22_c4spec06_reseed/out_s0/p3_c4spec_mpnn_06_reseed/seed-6_sample-0/p3_c4spec_mpnn_06_reseed_seed-6_sample-0_model.cif
p3_c4spec_mpnn_06_reseed	seed-6_sample-1	94-213	A-D-C-B	3.6640180349349976	3.690809488296509	0.020195903954034356	1	experiments/e22_c4spec06_reseed/out_s0/p3_c4spec_mpnn_06_reseed/seed-6_sample-1/p3_c4spec_mpnn_06_reseed_seed-6_sample-1_model.cif
p3_c4spec_mpnn_06_reseed	seed-6_sample-1	96-190	A-D-C-B	4.0093958377838135	4.040113925933838	0.01970951557406011	1	experiments/e22_c4spec06_reseed/out_s0/p3_c4spec_mpnn_06_reseed/seed-6_sample-1/p3_c4spec_mpnn_06_reseed_seed-6_sample-1_model.cif
p3_c4spec_mpnn_06_reseed	seed-6_sample-1	155-196	A-D-C-B	4.464749097824097	4.577954292297363	0.1148747780342062	1	experiments/e22_c4spec06_reseed/out_s0/p3_c4spec_mpnn_06_reseed/seed-6_sample-1/p3_c4spec_mpnn_06_reseed_seed-6_sample-1_model.cif
p3_c4spec_mpnn_06_reseed	seed-6_sample-2	94-213	A-D-C-B	3.8839757442474365	3.926837205886841	0.03481431087003537	1	experiments/e22_c4spec06_reseed/out_s0/p3_c4spec_mpnn_06_reseed/seed-6_sample-2/p3_c4spec_mpnn_06_reseed_seed-6_sample-2_model.cif
p3_c4spec_mpnn_06_reseed	seed-6_sample-2	96-190	A-D-C-B	4.711493968963623	4.755575180053711	0.029007771193384265	1	experiments/e22_c4spec06_reseed/out_s0/p3_c4spec_mpnn_06_reseed/seed-6_sample-2/p3_c4spec_mpnn_06_reseed_seed-6_sample-2_model.cif
p3_c4spec_mpnn_06_reseed	seed-6_sample-2	155-196	A-D-C-B	4.422471523284912	4.4950737953186035	0.042156804738960676	1	experiments/e22_c4spec06_reseed/out_s0/p3_c4spec_mpnn_06_reseed/seed-6_sample-2/p3_c4spec_mpnn_06_reseed_seed-6_sample-2_model.cif
p3_c4spec_mpnn_06_reseed	seed-6_sample-3	94-213	A-D-C-B	3.6504700779914856	3.714165449142456	0.0412019362855206	1	experiments/e22_c4spec06_reseed/out_s0/p3_c4spec_mpnn_06_reseed/seed-6_sample-3/p3_c4spec_mpnn_06_reseed_seed-6_sample-3_model.cif
p3_c4spec_mpnn_06_reseed	seed-6_sample-3	96-190	A-D-C-B	4.1160054206848145	4.176299095153809	0.04896537951908111	1	experiments/e22_c4spec06_reseed/out_s0/p3_c4spec_mpnn_06_reseed/seed-6_sample-3/p3_c4spec_mpnn_06_reseed_seed-6_sample-3_model.cif
p3_c4spec_mpnn_06_reseed	seed-6_sample-3	155-196	A-D-C-B	5.097953796386719	5.167297840118408	0.06808109352336242	1	experiments/e22_c4spec06_reseed/out_s0/p3_c4spec_mpnn_06_reseed/seed-6_sample-3/p3_c4spec_mpnn_06_reseed_seed-6_sample-3_model.cif
p3_c4spec_mpnn_06_reseed	seed-6_sample-4	94-213	A-D-C-B	3.543778896331787	3.5722763538360596	0.03633474957009838	1	experiments/e22_c4spec06_reseed/out_s0/p3_c4spec_mpnn_06_reseed/seed-6_sample-4/p3_c4spec_mpnn_06_reseed_seed-6_sample-4_model.cif
p3_c4spec_mpnn_06_reseed	seed-6_sample-4	96-190	A-D-C-B	4.651438236236572	4.699275970458984	0.03781564818009322	1	experiments/e22_c4spec06_reseed/out_s0/p3_c4spec_mpnn_06_reseed/seed-6_sample-4/p3_c4spec_mpnn_06_reseed_seed-6_sample-4_model.cif
p3_c4spec_mpnn_06_reseed	seed-6_sample-4	155-196	A-D-C-B	4.254631519317627	4.410820960998535	0.09779581320918708	1	experiments/e22_c4spec06_reseed/out_s0/p3_c4spec_mpnn_06_reseed/seed-6_sample-4/p3_c4spec_mpnn_06_reseed_seed-6_sample-4_model.cif
p3_c4spec_mpnn_06_reseed	seed-7_sample-0	94-213	A-D-C-B	3.459684431552887	3.4840519428253174	0.01955750461828724	1	experiments/e22_c4spec06_reseed/out_s0/p3_c4spec_mpnn_06_reseed/seed-7_sample-0/p3_c4spec_mpnn_06_reseed_seed-7_sample-0_model.cif
p3_c4spec_mpnn_06_reseed	seed-7_sample-0	96-190	A-D-C-B	4.757067680358887	4.812692642211914	0.03463604023785008	1	experiments/e22_c4spec06_reseed/out_s0/p3_c4spec_mpnn_06_reseed/seed-7_sample-0/p3_c4spec_mpnn_06_reseed_seed-7_sample-0_model.cif
p3_c4spec_mpnn_06_reseed	seed-7_sample-0	155-196	A-D-C-B	4.8711912631988525	4.916609764099121	0.02936347193800438	1	experiments/e22_c4spec06_reseed/out_s0/p3_c4spec_mpnn_06_reseed/seed-7_sample-0/p3_c4spec_mpnn_06_reseed_seed-7_sample-0_model.cif
p3_c4spec_mpnn_06_reseed	seed-7_sample-1	94-213	A-D-C-B	3.3793931007385254	3.4158763885498047	0.02386618725226878	1	experiments/e22_c4spec06_reseed/out_s0/p3_c4spec_mpnn_06_reseed/seed-7_sample-1/p3_c4spec_mpnn_06_reseed_seed-7_sample-1_model.cif
p3_c4spec_mpnn_06_reseed	seed-7_sample-1	96-190	A-D-C-B	4.229572534561157	4.258535385131836	0.021938452867590878	1	experiments/e22_c4spec06_reseed/out_s0/p3_c4spec_mpnn_06_reseed/seed-7_sample-1/p3_c4spec_mpnn_06_reseed_seed-7_sample-1_model.cif
p3_c4spec_mpnn_06_reseed	seed-7_sample-1	155-196	A-D-C-B	5.055374503135681	5.109256744384766	0.04860855082859521	1	experiments/e22_c4spec06_reseed/out_s0/p3_c4spec_mpnn_06_reseed/seed-7_sample-1/p3_c4spec_mpnn_06_reseed_seed-7_sample-1_model.cif
p3_c4spec_mpnn_06_reseed	seed-7_sample-2	94-213	A-D-C-B	3.615784466266632	3.699059009552002	0.048086324835447884	1	experiments/e22_c4spec06_reseed/out_s0/p3_c4spec_mpnn_06_reseed/seed-7_sample-2/p3_c4spec_mpnn_06_reseed_seed-7_sample-2_model.cif
p3_c4spec_mpnn_06_reseed	seed-7_sample-2	96-190	A-D-C-B	4.6816486120224	4.736605167388916	0.03551934626683544	1	experiments/e22_c4spec06_reseed/out_s0/p3_c4spec_mpnn_06_reseed/seed-7_sample-2/p3_c4spec_mpnn_06_reseed_seed-7_sample-2_model.cif
p3_c4spec_mpnn_06_reseed	seed-7_sample-2	155-196	A-D-C-B	4.76685643196106	4.794970989227295	0.023242039656913554	1	experiments/e22_c4spec06_reseed/out_s0/p3_c4spec_mpnn_06_reseed/seed-7_sample-2/p3_c4spec_mpnn_06_reseed_seed-7_sample-2_model.cif
p3_c4spec_mpnn_06_reseed	seed-7_sample-3	94-213	A-D-C-B	3.509715974330902	3.5486230850219727	0.03427247691115216	1	experiments/e22_c4spec06_reseed/out_s0/p3_c4spec_mpnn_06_reseed/seed-7_sample-3/p3_c4spec_mpnn_06_reseed_seed-7_sample-3_model.cif
p3_c4spec_mpnn_06_reseed	seed-7_sample-3	96-190	A-D-C-B	4.60879921913147	4.6643476486206055	0.04115900037194551	1	experiments/e22_c4spec06_reseed/out_s0/p3_c4spec_mpnn_06_reseed/seed-7_sample-3/p3_c4spec_mpnn_06_reseed_seed-7_sample-3_model.cif
p3_c4spec_mpnn_06_reseed	seed-7_sample-3	155-196	A-D-C-B	4.86331033706665	4.928345680236816	0.045422873310123894	1	experiments/e22_c4spec06_reseed/out_s0/p3_c4spec_mpnn_06_reseed/seed-7_sample-3/p3_c4spec_mpnn_06_reseed_seed-7_sample-3_model.cif
p3_c4spec_mpnn_06_reseed	seed-7_sample-4	94-213	A-D-C-B	3.7268174290657043	3.7789242267608643	0.044133231623833855	1	experiments/e22_c4spec06_reseed/out_s0/p3_c4spec_mpnn_06_reseed/seed-7_sample-4/p3_c4spec_mpnn_06_reseed_seed-7_sample-4_model.cif
p3_c4spec_mpnn_06_reseed	seed-7_sample-4	96-190	A-D-C-B	4.260294556617737	4.307804584503174	0.05683715095320984	1	experiments/e22_c4spec06_reseed/out_s0/p3_c4spec_mpnn_06_reseed/seed-7_sample-4/p3_c4spec_mpnn_06_reseed_seed-7_sample-4_model.cif
p3_c4spec_mpnn_06_reseed	seed-7_sample-4	155-196	A-D-C-B	5.03782320022583	5.133860111236572	0.08402011579576142	1	experiments/e22_c4spec06_reseed/out_s0/p3_c4spec_mpnn_06_reseed/seed-7_sample-4/p3_c4spec_mpnn_06_reseed_seed-7_sample-4_model.cif
