candidate	seed	state_weights	mask_counts	selected_stage	selected_iteration	combined_loss	n_mutations	surface_mutation_fraction	mutations	native_cys_positions	sequence	state1_iptm	state1_ptm	state1_plddt	state1_interface_pae	state1_fold_target_con	state1_interface_target_con	state2_iptm	state2_ptm	state2_plddt	state2_interface_pae	state2_fold_target_con	state2_interface_target_con
multistate_seed37201_b20	37201	9.0,7.0	8130,196;8126,572	hard	43	41.33843994140625	20	1.0	N89D,K93W,S99F,N155W,A191F,S237W,N272I,E276H,K278D,R285K,E341I,V342F,S345F,A346R,E347D,G349A,V350Q,S354W,I372W,T374Y	12,31,74,121,368,383	MGSIGAASMEFCFRVFKELKVHHANENIFYCPIAIMSALAMVYLGAKDSTRTQINKVVRFDKLPGFGDAIEAQCGTAVAVHSSLRDILDQITWPNDVYFFSLASRLYAEERYPILPEYLQCVKELYRGGLEPINFQTAADQARELINSWVESQTWGIIRNVLQPSSVDSQTAMVLVNAIVFKGLWEKAFKFFATQAMPFRVTEQESKPVQMMYQIGLFRVASMASEKMKILELPFAWGTMSMLVLLPDEVSGLEQLESIINFEKLTEWTSSIVMEHRDIKVYLPKMKMEEKYNLTSVLMAMGITDVFSSSANLSGISSAESLKISQAVHAAHAEINEAGRIFVGFRDAAQDAAWVSEEFRADHPFLFCIKHWAYNAVLFFGRCVSP	0.17959147691726685	0.536842405796051	0.8112114071846008	0.8701863884925842	0.017798740416765213	2.6605703830718994	0.17051741480827332	0.5324009656906128	0.8114972114562988	0.8825543522834778	0.017852937802672386	2.2481651306152344
